          99
   47.5851593      -122.289932      -9.99999975E-06
   47.5839386      -122.292587      -9.99999975E-06
   47.5834808      -122.289337      -9.99999975E-06
   47.5809898      -122.289413      -9.99999975E-06
   47.6159592      -122.287628      -9.99999975E-06
   47.6149406      -122.285652      -9.99999975E-06
   47.6126900      -122.286652      -9.99999975E-06
   47.6087189      -122.287682      -9.99999975E-06
   47.6070786      -122.288773      -9.99999975E-06
   47.6053696      -122.288383      -9.99999975E-06
   47.6037598      -122.287399      -9.99999975E-06
   47.6016693      -122.287178      -9.99999975E-06
   47.5996017      -122.288338      -9.99999975E-06
   47.5970497      -122.287483      -9.99999975E-06
   47.5964317      -122.288559      -9.99999975E-06
   47.5944786      -122.290169      -9.99999975E-06
   47.5925789      -122.290207      -9.99999975E-06
   47.5895805      -122.290070      -9.99999975E-06
   47.5872192      -122.287560      -9.99999975E-06
   47.5777588      -122.290359      -9.99999975E-06
   47.5758705      -122.289787      -9.99999975E-06
   47.5708504      -122.287979      -9.99999975E-06
   47.5668602      -122.291283      -9.99999975E-06
   47.6101303      -122.289520      -9.99999975E-06
   47.5644302      -122.290169      -9.99999975E-06
   47.6114883      -122.307083      -9.99999975E-06
   47.5900803      -122.312019      -9.99999975E-06
   47.5934601      -122.307533      -9.99999975E-06
   47.5839386      -122.314003      -9.99999975E-06
   47.5831909      -122.311234      -9.99999975E-06
   47.5746117      -122.311172      -9.99999975E-06
   47.5725517      -122.312363      -9.99999975E-06
   47.5764008      -122.311043      -9.99999975E-06
   47.5747414      -122.289520      -9.99999975E-06
   47.5782585      -122.312492      -9.99999975E-06
   47.5817719      -122.311523      -9.99999975E-06
   47.5849190      -122.310272      -9.99999975E-06
   47.5889206      -122.314392      -9.99999975E-06
   47.5831909      -122.314529      -9.99999975E-06
   47.5864601      -122.314079      -9.99999975E-06
   47.5923615      -122.307137      -9.99999975E-06
   47.5950012      -122.307854      -9.99999975E-06
   47.5961609      -122.307190      -9.99999975E-06
   47.5971489      -122.308144      -9.99999975E-06
   47.5729103      -122.289772      -9.99999975E-06
   47.6005516      -122.305496      -9.99999975E-06
   47.6033096      -122.308273      -9.99999975E-06
   47.6049805      -122.308128      -9.99999975E-06
   47.6067314      -122.307083      -9.99999975E-06
   47.6088104      -122.307220      -9.99999975E-06
   47.6120300      -122.305557      -9.99999975E-06
   47.6147614      -122.307411      -9.99999975E-06
   47.6166382      -122.292770      -9.99999975E-06
   47.6150093      -122.292259      -9.99999975E-06
   47.6112709      -122.294258      -9.99999975E-06
   47.6098289      -122.296791      -9.99999975E-06
   47.6076889      -122.294189      -9.99999975E-06
   47.6058197      -122.294327      -9.99999975E-06
   47.6047211      -122.294479      -9.99999975E-06
   47.6025391      -122.293823      -9.99999975E-06
   47.5994110      -122.293251      -9.99999975E-06
   47.5964890      -122.294357      -9.99999975E-06
   47.5949707      -122.294022      -9.99999975E-06
   47.5923996      -122.295029      -9.99999975E-06
   47.5893517      -122.295830      -9.99999975E-06
   47.5885391      -122.294037      -9.99999975E-06
   47.5871696      -122.293579      -9.99999975E-06
   47.5777397      -122.302467      -9.99999975E-06
   47.5739212      -122.300453      -9.99999975E-06
   47.5694008      -122.301018      -9.99999975E-06
   47.5678596      -122.301903      -9.99999975E-06
   47.5666618      -122.301888      -9.99999975E-06
   47.5645905      -122.301331      -9.99999975E-06
   47.5744514      -122.291237      -9.99999975E-06
   47.6155586      -122.298981      -9.99999975E-06
   47.6139183      -122.298973      -9.99999975E-06
   47.6113014      -122.300758      -9.99999975E-06
   47.6096611      -122.300652      -9.99999975E-06
   47.6073914      -122.299896      -9.99999975E-06
   47.6042709      -122.300598      -9.99999975E-06
   47.6028099      -122.301979      -9.99999975E-06
   47.6015587      -122.300667      -9.99999975E-06
   47.5998993      -122.298447      -9.99999975E-06
   47.5963287      -122.299568      -9.99999975E-06
   47.5951614      -122.298607      -9.99999975E-06
   47.5936089      -122.299263      -9.99999975E-06
   47.5875587      -122.300362      -9.99999975E-06
   47.5811195      -122.306061      -9.99999975E-06
   47.5797081      -122.306664      -9.99999975E-06
   47.5980301      -122.299240      -9.99999975E-06
   47.5923386      -122.298973      -9.99999975E-06
   47.5762291      -122.307312      -9.99999975E-06
   47.5776711      -122.305588      -9.99999975E-06
   47.5810394      -122.302361      -9.99999975E-06
   47.5737305      -122.307190      -9.99999975E-06
   47.5723991      -122.307602      -9.99999975E-06
   47.5912590      -122.299240      -9.99999975E-06
   47.5794296      -122.291748      -9.99999975E-06
   47.5812302      -122.292282      -9.99999975E-06
