          10
   48.0093002      -123.317497      -9.99999975E-05
   48.0032997      -123.317802      -9.99999975E-05
   48.0003014      -123.314301      -9.99999975E-05
   48.0098000      -123.307602      -9.99999975E-05
   48.0066986      -123.309097      -9.99999975E-05
   48.0060005      -123.311699      -9.99999975E-05
   48.0060005      -123.318497      -9.99999975E-05
   48.0032997      -123.308403      -9.99999975E-05
   48.0098000      -123.313004      -9.99999975E-05
   48.0074005      -123.313797      -9.99999975E-05
